new_coeffs=[
        [-97.03289212, 164.16674778, -157.84144797, -2.66587968     ];
[380.03710916, -332.29664343, 86.07232168, 12.41427900     ];
[24.86313375, -26.20173149, -14.11752980, -0.36804226     ];
[27.30062252, -22.97284958, -8.89446539, 1.95132250     ];
[-18.04114971, 14.48538883, -1.61638869, -2.94846472     ];
[-158.84334135, 188.90865648, -84.98639505, 9.28206134     ];
[134.71011318, -84.54007309, 0.20358157, 3.93802374     ];
[-160.29106206, 190.49749891, -88.18007621, 9.39375791     ];
[31.96689810, 36.52557998, -53.43646049, 21.83619044     ];
[343.50708036, -305.50321585, 79.55949677, 27.05511873     ];
[ 161.19369146, -190.65473079, 83.91166018, 14.23613951     ];
[ 34.47189661, -31.89964863, 8.79406716, 2.49769293     ];
        ];


        我现在打算重构跳跃控制器，思路是改成五个阶段：跳跃的缩腿、伸展、收腿、离地、空中、触地。其中：伸展、收腿
        离地阶段直接对关节电机叠加力矩来快速运动。伸展->收腿阶段，叠加150ms时长的力矩、收腿->离地阶段，叠加50ms的稍微小一点的力矩，离地之后不叠加力矩。同时对空中的












